{
  "nbformat": 4,
  "nbformat_minor": 0,
  "metadata": {
    "colab": {
      "provenance": []
    },
    "kernelspec": {
      "name": "python3",
      "display_name": "Python 3"
    },
    "language_info": {
      "name": "python"
    }
  },
  "cells": [
    {
      "cell_type": "code",
      "source": [
        "%pip install -qU langchain-text-splitters"
      ],
      "metadata": {
        "id": "L3_fN5ob_Iir"
      },
      "execution_count": 45,
      "outputs": []
    },
    {
      "cell_type": "code",
      "source": [
        "import requests\n",
        "from bs4 import BeautifulSoup\n",
        "from langchain_text_splitters import RecursiveCharacterTextSplitter\n",
        "\n",
        "url = \"https://www.cosmo-millennial.com/\"\n",
        "response = requests.get(url)\n",
        "soup = BeautifulSoup(response.text, \"html.parser\")\n",
        "\n",
        "# Extract visible text (ignoring scripts, styles)\n",
        "for script in soup([\"script\", \"style\"]):\n",
        "    script.extract()\n",
        "\n",
        "web_text = soup.get_text(separator=\" \", strip=True)\n",
        "\n",
        "text_splitter = RecursiveCharacterTextSplitter(\n",
        "    chunk_size=100,\n",
        "    chunk_overlap=20,\n",
        "    length_function=len,\n",
        "    is_separator_regex=False,\n",
        ")\n",
        "\n",
        "texts = text_splitter.create_documents([web_text])\n",
        "\n",
        "print(texts[5])\n",
        "print(texts[6])"
      ],
      "metadata": {
        "colab": {
          "base_uri": "https://localhost:8080/"
        },
        "id": "4rmVO02__GB7",
        "outputId": "e3279148-f83e-4f28-f5da-c806eaf97ad9"
      },
      "execution_count": 46,
      "outputs": [
        {
          "output_type": "stream",
          "name": "stdout",
          "text": [
            "page_content='to transform your travel experiences into unforgettable adventures? Sign up for the Cosmo'\n",
            "page_content='up for the Cosmo Millennial App — your ultimate AI-powered travel companion, designed to make your'\n"
          ]
        }
      ]
    },
    {
      "cell_type": "code",
      "source": [
        "pip install -U sentence-transformers"
      ],
      "metadata": {
        "colab": {
          "base_uri": "https://localhost:8080/"
        },
        "id": "6oG7Her5BPl9",
        "outputId": "08fc5763-d07a-4e9d-9dd6-af09901fa378"
      },
      "execution_count": 47,
      "outputs": [
        {
          "output_type": "stream",
          "name": "stdout",
          "text": [
            "Requirement already satisfied: sentence-transformers in /usr/local/lib/python3.12/dist-packages (5.1.1)\n",
            "Requirement already satisfied: transformers<5.0.0,>=4.41.0 in /usr/local/lib/python3.12/dist-packages (from sentence-transformers) (4.56.1)\n",
            "Requirement already satisfied: tqdm in /usr/local/lib/python3.12/dist-packages (from sentence-transformers) (4.67.1)\n",
            "Requirement already satisfied: torch>=1.11.0 in /usr/local/lib/python3.12/dist-packages (from sentence-transformers) (2.8.0+cu126)\n",
            "Requirement already satisfied: scikit-learn in /usr/local/lib/python3.12/dist-packages (from sentence-transformers) (1.6.1)\n",
            "Requirement already satisfied: scipy in /usr/local/lib/python3.12/dist-packages (from sentence-transformers) (1.16.2)\n",
            "Requirement already satisfied: huggingface-hub>=0.20.0 in /usr/local/lib/python3.12/dist-packages (from sentence-transformers) (0.35.0)\n",
            "Requirement already satisfied: Pillow in /usr/local/lib/python3.12/dist-packages (from sentence-transformers) (11.3.0)\n",
            "Requirement already satisfied: typing_extensions>=4.5.0 in /usr/local/lib/python3.12/dist-packages (from sentence-transformers) (4.15.0)\n",
            "Requirement already satisfied: filelock in /usr/local/lib/python3.12/dist-packages (from huggingface-hub>=0.20.0->sentence-transformers) (3.19.1)\n",
            "Requirement already satisfied: fsspec>=2023.5.0 in /usr/local/lib/python3.12/dist-packages (from huggingface-hub>=0.20.0->sentence-transformers) (2025.3.0)\n",
            "Requirement already satisfied: packaging>=20.9 in /usr/local/lib/python3.12/dist-packages (from huggingface-hub>=0.20.0->sentence-transformers) (25.0)\n",
            "Requirement already satisfied: pyyaml>=5.1 in /usr/local/lib/python3.12/dist-packages (from huggingface-hub>=0.20.0->sentence-transformers) (6.0.2)\n",
            "Requirement already satisfied: requests in /usr/local/lib/python3.12/dist-packages (from huggingface-hub>=0.20.0->sentence-transformers) (2.32.5)\n",
            "Requirement already satisfied: hf-xet<2.0.0,>=1.1.3 in /usr/local/lib/python3.12/dist-packages (from huggingface-hub>=0.20.0->sentence-transformers) (1.1.10)\n",
            "Requirement already satisfied: setuptools in /usr/local/lib/python3.12/dist-packages (from torch>=1.11.0->sentence-transformers) (75.2.0)\n",
            "Requirement already satisfied: sympy>=1.13.3 in /usr/local/lib/python3.12/dist-packages (from torch>=1.11.0->sentence-transformers) (1.13.3)\n",
            "Requirement already satisfied: networkx in /usr/local/lib/python3.12/dist-packages (from torch>=1.11.0->sentence-transformers) (3.5)\n",
            "Requirement already satisfied: jinja2 in /usr/local/lib/python3.12/dist-packages (from torch>=1.11.0->sentence-transformers) (3.1.6)\n",
            "Requirement already satisfied: nvidia-cuda-nvrtc-cu12==12.6.77 in /usr/local/lib/python3.12/dist-packages (from torch>=1.11.0->sentence-transformers) (12.6.77)\n",
            "Requirement already satisfied: nvidia-cuda-runtime-cu12==12.6.77 in /usr/local/lib/python3.12/dist-packages (from torch>=1.11.0->sentence-transformers) (12.6.77)\n",
            "Requirement already satisfied: nvidia-cuda-cupti-cu12==12.6.80 in /usr/local/lib/python3.12/dist-packages (from torch>=1.11.0->sentence-transformers) (12.6.80)\n",
            "Requirement already satisfied: nvidia-cudnn-cu12==9.10.2.21 in /usr/local/lib/python3.12/dist-packages (from torch>=1.11.0->sentence-transformers) (9.10.2.21)\n",
            "Requirement already satisfied: nvidia-cublas-cu12==12.6.4.1 in /usr/local/lib/python3.12/dist-packages (from torch>=1.11.0->sentence-transformers) (12.6.4.1)\n",
            "Requirement already satisfied: nvidia-cufft-cu12==11.3.0.4 in /usr/local/lib/python3.12/dist-packages (from torch>=1.11.0->sentence-transformers) (11.3.0.4)\n",
            "Requirement already satisfied: nvidia-curand-cu12==10.3.7.77 in /usr/local/lib/python3.12/dist-packages (from torch>=1.11.0->sentence-transformers) (10.3.7.77)\n",
            "Requirement already satisfied: nvidia-cusolver-cu12==11.7.1.2 in /usr/local/lib/python3.12/dist-packages (from torch>=1.11.0->sentence-transformers) (11.7.1.2)\n",
            "Requirement already satisfied: nvidia-cusparse-cu12==12.5.4.2 in /usr/local/lib/python3.12/dist-packages (from torch>=1.11.0->sentence-transformers) (12.5.4.2)\n",
            "Requirement already satisfied: nvidia-cusparselt-cu12==0.7.1 in /usr/local/lib/python3.12/dist-packages (from torch>=1.11.0->sentence-transformers) (0.7.1)\n",
            "Requirement already satisfied: nvidia-nccl-cu12==2.27.3 in /usr/local/lib/python3.12/dist-packages (from torch>=1.11.0->sentence-transformers) (2.27.3)\n",
            "Requirement already satisfied: nvidia-nvtx-cu12==12.6.77 in /usr/local/lib/python3.12/dist-packages (from torch>=1.11.0->sentence-transformers) (12.6.77)\n",
            "Requirement already satisfied: nvidia-nvjitlink-cu12==12.6.85 in /usr/local/lib/python3.12/dist-packages (from torch>=1.11.0->sentence-transformers) (12.6.85)\n",
            "Requirement already satisfied: nvidia-cufile-cu12==1.11.1.6 in /usr/local/lib/python3.12/dist-packages (from torch>=1.11.0->sentence-transformers) (1.11.1.6)\n",
            "Requirement already satisfied: triton==3.4.0 in /usr/local/lib/python3.12/dist-packages (from torch>=1.11.0->sentence-transformers) (3.4.0)\n",
            "Requirement already satisfied: numpy>=1.17 in /usr/local/lib/python3.12/dist-packages (from transformers<5.0.0,>=4.41.0->sentence-transformers) (2.0.2)\n",
            "Requirement already satisfied: regex!=2019.12.17 in /usr/local/lib/python3.12/dist-packages (from transformers<5.0.0,>=4.41.0->sentence-transformers) (2024.11.6)\n",
            "Requirement already satisfied: tokenizers<=0.23.0,>=0.22.0 in /usr/local/lib/python3.12/dist-packages (from transformers<5.0.0,>=4.41.0->sentence-transformers) (0.22.0)\n",
            "Requirement already satisfied: safetensors>=0.4.3 in /usr/local/lib/python3.12/dist-packages (from transformers<5.0.0,>=4.41.0->sentence-transformers) (0.6.2)\n",
            "Requirement already satisfied: joblib>=1.2.0 in /usr/local/lib/python3.12/dist-packages (from scikit-learn->sentence-transformers) (1.5.2)\n",
            "Requirement already satisfied: threadpoolctl>=3.1.0 in /usr/local/lib/python3.12/dist-packages (from scikit-learn->sentence-transformers) (3.6.0)\n",
            "Requirement already satisfied: mpmath<1.4,>=1.1.0 in /usr/local/lib/python3.12/dist-packages (from sympy>=1.13.3->torch>=1.11.0->sentence-transformers) (1.3.0)\n",
            "Requirement already satisfied: MarkupSafe>=2.0 in /usr/local/lib/python3.12/dist-packages (from jinja2->torch>=1.11.0->sentence-transformers) (3.0.2)\n",
            "Requirement already satisfied: charset_normalizer<4,>=2 in /usr/local/lib/python3.12/dist-packages (from requests->huggingface-hub>=0.20.0->sentence-transformers) (3.4.3)\n",
            "Requirement already satisfied: idna<4,>=2.5 in /usr/local/lib/python3.12/dist-packages (from requests->huggingface-hub>=0.20.0->sentence-transformers) (3.10)\n",
            "Requirement already satisfied: urllib3<3,>=1.21.1 in /usr/local/lib/python3.12/dist-packages (from requests->huggingface-hub>=0.20.0->sentence-transformers) (2.5.0)\n",
            "Requirement already satisfied: certifi>=2017.4.17 in /usr/local/lib/python3.12/dist-packages (from requests->huggingface-hub>=0.20.0->sentence-transformers) (2025.8.3)\n"
          ]
        }
      ]
    },
    {
      "cell_type": "code",
      "source": [
        "from sentence_transformers import SentenceTransformer\n",
        "sentences = [doc.page_content for doc in texts]\n",
        "model = SentenceTransformer(\"all-MiniLM-L6-v2\")\n",
        "embeddings = model.encode(sentences)\n",
        "print(embeddings.shape)\n",
        "\n",
        "similarities = model.similarity(embeddings, embeddings)\n",
        "print(similarities)"
      ],
      "metadata": {
        "colab": {
          "base_uri": "https://localhost:8080/"
        },
        "id": "lFwcSEnoEpz2",
        "outputId": "5a70c116-e222-49af-8098-202df641a192"
      },
      "execution_count": 48,
      "outputs": [
        {
          "output_type": "stream",
          "name": "stdout",
          "text": [
            "(26, 384)\n",
            "tensor([[1.0000, 0.7052, 0.7028, 0.7459, 0.3989, 0.4490, 0.3778, 0.1788, 0.4060,\n",
            "         0.4740, 0.3257, 0.2623, 0.0589, 0.2535, 0.0534, 0.2459, 0.3452, 0.2933,\n",
            "         0.3701, 0.2729, 0.1836, 0.2837, 0.4163, 0.4038, 0.3751, 0.4224],\n",
            "        [0.7052, 1.0000, 0.9429, 0.8837, 0.3541, 0.3209, 0.2249, 0.2126, 0.2403,\n",
            "         0.4444, 0.2702, 0.3299, 0.0747, 0.1083, 0.1039, 0.2357, 0.2524, 0.2830,\n",
            "         0.3759, 0.2845, 0.2505, 0.2303, 0.2986, 0.2961, 0.2343, 0.1725],\n",
            "        [0.7028, 0.9429, 1.0000, 0.8467, 0.3140, 0.3226, 0.1992, 0.2172, 0.2169,\n",
            "         0.5122, 0.3020, 0.3280, 0.0767, 0.1127, 0.1124, 0.2342, 0.2094, 0.2685,\n",
            "         0.4175, 0.3034, 0.2339, 0.1969, 0.2340, 0.2670, 0.1888, 0.1487],\n",
            "        [0.7459, 0.8837, 0.8467, 1.0000, 0.3383, 0.3843, 0.2488, 0.2165, 0.2489,\n",
            "         0.4743, 0.2838, 0.3628, 0.0980, 0.1751, 0.1743, 0.3180, 0.3319, 0.3465,\n",
            "         0.4119, 0.3112, 0.2652, 0.2534, 0.3187, 0.3238, 0.2361, 0.1486],\n",
            "        [0.3989, 0.3541, 0.3140, 0.3383, 1.0000, 0.4709, 0.6022, 0.2170, 0.6343,\n",
            "         0.2077, 0.1402, 0.1693, 0.1503, 0.2133, 0.1234, 0.2951, 0.4923, 0.2888,\n",
            "         0.1113, 0.1263, 0.2807, 0.5351, 0.6031, 0.4410, 0.5819, 0.6081],\n",
            "        [0.4490, 0.3209, 0.3226, 0.3843, 0.4709, 1.0000, 0.5761, 0.5634, 0.3396,\n",
            "         0.4321, 0.2689, 0.4397, 0.2381, 0.1747, 0.1867, 0.3209, 0.2795, 0.3796,\n",
            "         0.3793, 0.4147, 0.2644, 0.3305, 0.4410, 0.4029, 0.3250, 0.4114],\n",
            "        [0.3778, 0.2249, 0.1992, 0.2488, 0.6022, 0.5761, 1.0000, 0.3441, 0.5155,\n",
            "         0.2864, 0.2431, 0.3086, 0.2197, 0.2310, 0.1750, 0.2185, 0.4398, 0.4197,\n",
            "         0.2400, 0.2779, 0.3158, 0.5623, 0.5980, 0.5127, 0.5544, 0.5585],\n",
            "        [0.1788, 0.2126, 0.2172, 0.2165, 0.2170, 0.5634, 0.3441, 1.0000, 0.1238,\n",
            "         0.4298, 0.1844, 0.3816, 0.2685, 0.1116, 0.0394, 0.2116, 0.1203, 0.2623,\n",
            "         0.3251, 0.4869, 0.2286, 0.2185, 0.2269, 0.2979, 0.0996, 0.1440],\n",
            "        [0.4060, 0.2403, 0.2169, 0.2489, 0.6343, 0.3396, 0.5155, 0.1238, 1.0000,\n",
            "         0.2040, 0.1920, 0.1736, 0.1653, 0.3097, 0.2400, 0.2327, 0.5143, 0.3559,\n",
            "         0.1584, 0.1193, 0.3227, 0.6158, 0.5302, 0.4669, 0.5252, 0.4863],\n",
            "        [0.4740, 0.4444, 0.5122, 0.4743, 0.2077, 0.4321, 0.2864, 0.4298, 0.2040,\n",
            "         1.0000, 0.6157, 0.4992, 0.3415, 0.1941, 0.1000, 0.2076, 0.1731, 0.3499,\n",
            "         0.7729, 0.6260, 0.4029, 0.3585, 0.2192, 0.2383, 0.1621, 0.1574],\n",
            "        [0.3257, 0.2702, 0.3020, 0.2838, 0.1402, 0.2689, 0.2431, 0.1844, 0.1920,\n",
            "         0.6157, 1.0000, 0.5479, 0.3171, 0.2147, 0.1111, 0.1322, 0.1759, 0.3106,\n",
            "         0.6484, 0.4830, 0.3487, 0.3328, 0.2485, 0.1550, 0.0818, 0.1327],\n",
            "        [0.2623, 0.3299, 0.3280, 0.3628, 0.1693, 0.4397, 0.3086, 0.3816, 0.1736,\n",
            "         0.4992, 0.5479, 1.0000, 0.3635, 0.2879, 0.2217, 0.2364, 0.2091, 0.4490,\n",
            "         0.5229, 0.4188, 0.4258, 0.4394, 0.2660, 0.2262, 0.1266, 0.1357],\n",
            "        [0.0589, 0.0747, 0.0767, 0.0980, 0.1503, 0.2381, 0.2197, 0.2685, 0.1653,\n",
            "         0.3415, 0.3171, 0.3635, 1.0000, 0.1971, 0.0508, 0.0566, 0.1027, 0.2251,\n",
            "         0.2473, 0.2296, 0.2457, 0.4569, 0.1723, 0.0108, 0.0715, 0.1950],\n",
            "        [0.2535, 0.1083, 0.1127, 0.1751, 0.2133, 0.1747, 0.2310, 0.1116, 0.3097,\n",
            "         0.1941, 0.2147, 0.2879, 0.1971, 1.0000, 0.2051, 0.1472, 0.3926, 0.3257,\n",
            "         0.1627, 0.0959, 0.1927, 0.3196, 0.1924, 0.2268, 0.2120, 0.1644],\n",
            "        [0.0534, 0.1039, 0.1124, 0.1743, 0.1234, 0.1867, 0.1750, 0.0394, 0.2400,\n",
            "         0.1000, 0.1111, 0.2217, 0.0508, 0.2051, 1.0000, 0.5688, 0.2925, 0.5094,\n",
            "         0.3735, 0.1182, 0.2793, 0.2171, 0.0827, 0.1848, 0.1061, 0.0518],\n",
            "        [0.2459, 0.2357, 0.2342, 0.3180, 0.2951, 0.3209, 0.2185, 0.2116, 0.2327,\n",
            "         0.2076, 0.1322, 0.2364, 0.0566, 0.1472, 0.5688, 1.0000, 0.4061, 0.3317,\n",
            "         0.3340, 0.1515, 0.1934, 0.1726, 0.1791, 0.2380, 0.1716, 0.2482],\n",
            "        [0.3452, 0.2524, 0.2094, 0.3319, 0.4923, 0.2795, 0.4398, 0.1203, 0.5143,\n",
            "         0.1731, 0.1759, 0.2091, 0.1027, 0.3926, 0.2925, 0.4061, 1.0000, 0.4916,\n",
            "         0.2032, 0.1543, 0.4412, 0.5586, 0.4247, 0.5031, 0.4019, 0.2367],\n",
            "        [0.2933, 0.2830, 0.2685, 0.3465, 0.2888, 0.3796, 0.4197, 0.2623, 0.3559,\n",
            "         0.3499, 0.3106, 0.4490, 0.2251, 0.3257, 0.5094, 0.3317, 0.4916, 1.0000,\n",
            "         0.5068, 0.3674, 0.5047, 0.5358, 0.3421, 0.3876, 0.2579, 0.1071],\n",
            "        [0.3701, 0.3759, 0.4175, 0.4119, 0.1113, 0.3793, 0.2400, 0.3251, 0.1584,\n",
            "         0.7729, 0.6484, 0.5229, 0.2473, 0.1627, 0.3735, 0.3340, 0.2032, 0.5068,\n",
            "         1.0000, 0.7043, 0.4548, 0.3180, 0.1509, 0.2763, 0.1183, 0.0429],\n",
            "        [0.2729, 0.2845, 0.3034, 0.3112, 0.1263, 0.4147, 0.2779, 0.4869, 0.1193,\n",
            "         0.6260, 0.4830, 0.4188, 0.2296, 0.0959, 0.1182, 0.1515, 0.1543, 0.3674,\n",
            "         0.7043, 1.0000, 0.4344, 0.2938, 0.1503, 0.3414, 0.0908, 0.0259],\n",
            "        [0.1836, 0.2505, 0.2339, 0.2652, 0.2807, 0.2644, 0.3158, 0.2286, 0.3227,\n",
            "         0.4029, 0.3487, 0.4258, 0.2457, 0.1927, 0.2793, 0.1934, 0.4412, 0.5047,\n",
            "         0.4548, 0.4344, 1.0000, 0.6208, 0.2813, 0.3898, 0.2864, 0.0254],\n",
            "        [0.2837, 0.2303, 0.1969, 0.2534, 0.5351, 0.3305, 0.5623, 0.2185, 0.6158,\n",
            "         0.3585, 0.3328, 0.4394, 0.4569, 0.3196, 0.2171, 0.1726, 0.5586, 0.5358,\n",
            "         0.3180, 0.2938, 0.6208, 1.0000, 0.5866, 0.4657, 0.4708, 0.4004],\n",
            "        [0.4163, 0.2986, 0.2340, 0.3187, 0.6031, 0.4410, 0.5980, 0.2269, 0.5302,\n",
            "         0.2192, 0.2485, 0.2660, 0.1723, 0.1924, 0.0827, 0.1791, 0.4247, 0.3421,\n",
            "         0.1509, 0.1503, 0.2813, 0.5866, 1.0000, 0.4968, 0.5439, 0.5444],\n",
            "        [0.4038, 0.2961, 0.2670, 0.3238, 0.4410, 0.4029, 0.5127, 0.2979, 0.4669,\n",
            "         0.2383, 0.1550, 0.2262, 0.0108, 0.2268, 0.1848, 0.2380, 0.5031, 0.3876,\n",
            "         0.2763, 0.3414, 0.3898, 0.4657, 0.4968, 1.0000, 0.6684, 0.3243],\n",
            "        [0.3751, 0.2343, 0.1888, 0.2361, 0.5819, 0.3250, 0.5544, 0.0996, 0.5252,\n",
            "         0.1621, 0.0818, 0.1266, 0.0715, 0.2120, 0.1061, 0.1716, 0.4019, 0.2579,\n",
            "         0.1183, 0.0908, 0.2864, 0.4708, 0.5439, 0.6684, 1.0000, 0.5431],\n",
            "        [0.4224, 0.1725, 0.1487, 0.1486, 0.6081, 0.4114, 0.5585, 0.1440, 0.4863,\n",
            "         0.1574, 0.1327, 0.1357, 0.1950, 0.1644, 0.0518, 0.2482, 0.2367, 0.1071,\n",
            "         0.0429, 0.0259, 0.0254, 0.4004, 0.5444, 0.3243, 0.5431, 1.0000]])\n"
          ]
        }
      ]
    },
    {
      "cell_type": "code",
      "source": [
        "pip install -qU langchain-huggingface"
      ],
      "metadata": {
        "id": "vIX06dLwHqei"
      },
      "execution_count": 49,
      "outputs": []
    },
    {
      "cell_type": "code",
      "source": [
        "from langchain_huggingface import HuggingFaceEmbeddings\n",
        "embeddings = HuggingFaceEmbeddings(model=\"sentence-transformers/all-mpnet-base-v2\")"
      ],
      "metadata": {
        "id": "hotp37UvJpcm"
      },
      "execution_count": 50,
      "outputs": []
    },
    {
      "cell_type": "code",
      "source": [
        "pip install faiss-cpu\n"
      ],
      "metadata": {
        "colab": {
          "base_uri": "https://localhost:8080/"
        },
        "id": "LvWpqNzxOWnK",
        "outputId": "31fa17da-82fc-4e58-81eb-5cc5e441a756"
      },
      "execution_count": 51,
      "outputs": [
        {
          "output_type": "stream",
          "name": "stdout",
          "text": [
            "Requirement already satisfied: faiss-cpu in /usr/local/lib/python3.12/dist-packages (1.12.0)\n",
            "Requirement already satisfied: numpy<3.0,>=1.25.0 in /usr/local/lib/python3.12/dist-packages (from faiss-cpu) (2.0.2)\n",
            "Requirement already satisfied: packaging in /usr/local/lib/python3.12/dist-packages (from faiss-cpu) (25.0)\n"
          ]
        }
      ]
    },
    {
      "cell_type": "code",
      "source": [
        "!pip install langchain-community faiss-cpu\n"
      ],
      "metadata": {
        "colab": {
          "base_uri": "https://localhost:8080/"
        },
        "id": "Mp1KpgODTUib",
        "outputId": "6e2ace51-5d0e-4047-dc40-f8fc0c880d6f"
      },
      "execution_count": 52,
      "outputs": [
        {
          "output_type": "stream",
          "name": "stdout",
          "text": [
            "Requirement already satisfied: langchain-community in /usr/local/lib/python3.12/dist-packages (0.3.30)\n",
            "Requirement already satisfied: faiss-cpu in /usr/local/lib/python3.12/dist-packages (1.12.0)\n",
            "Requirement already satisfied: langchain-core<2.0.0,>=0.3.75 in /usr/local/lib/python3.12/dist-packages (from langchain-community) (0.3.76)\n",
            "Requirement already satisfied: langchain<2.0.0,>=0.3.27 in /usr/local/lib/python3.12/dist-packages (from langchain-community) (0.3.27)\n",
            "Requirement already satisfied: SQLAlchemy<3.0.0,>=1.4.0 in /usr/local/lib/python3.12/dist-packages (from langchain-community) (2.0.43)\n",
            "Requirement already satisfied: requests<3.0.0,>=2.32.5 in /usr/local/lib/python3.12/dist-packages (from langchain-community) (2.32.5)\n",
            "Requirement already satisfied: PyYAML<7.0.0,>=5.3.0 in /usr/local/lib/python3.12/dist-packages (from langchain-community) (6.0.2)\n",
            "Requirement already satisfied: aiohttp<4.0.0,>=3.8.3 in /usr/local/lib/python3.12/dist-packages (from langchain-community) (3.12.15)\n",
            "Requirement already satisfied: tenacity!=8.4.0,<10.0.0,>=8.1.0 in /usr/local/lib/python3.12/dist-packages (from langchain-community) (8.5.0)\n",
            "Requirement already satisfied: dataclasses-json<0.7.0,>=0.6.7 in /usr/local/lib/python3.12/dist-packages (from langchain-community) (0.6.7)\n",
            "Requirement already satisfied: pydantic-settings<3.0.0,>=2.10.1 in /usr/local/lib/python3.12/dist-packages (from langchain-community) (2.10.1)\n",
            "Requirement already satisfied: langsmith<1.0.0,>=0.1.125 in /usr/local/lib/python3.12/dist-packages (from langchain-community) (0.4.28)\n",
            "Requirement already satisfied: httpx-sse<1.0.0,>=0.4.0 in /usr/local/lib/python3.12/dist-packages (from langchain-community) (0.4.1)\n",
            "Requirement already satisfied: numpy>=1.26.2 in /usr/local/lib/python3.12/dist-packages (from langchain-community) (2.0.2)\n",
            "Requirement already satisfied: packaging in /usr/local/lib/python3.12/dist-packages (from faiss-cpu) (25.0)\n",
            "Requirement already satisfied: aiohappyeyeballs>=2.5.0 in /usr/local/lib/python3.12/dist-packages (from aiohttp<4.0.0,>=3.8.3->langchain-community) (2.6.1)\n",
            "Requirement already satisfied: aiosignal>=1.4.0 in /usr/local/lib/python3.12/dist-packages (from aiohttp<4.0.0,>=3.8.3->langchain-community) (1.4.0)\n",
            "Requirement already satisfied: attrs>=17.3.0 in /usr/local/lib/python3.12/dist-packages (from aiohttp<4.0.0,>=3.8.3->langchain-community) (25.3.0)\n",
            "Requirement already satisfied: frozenlist>=1.1.1 in /usr/local/lib/python3.12/dist-packages (from aiohttp<4.0.0,>=3.8.3->langchain-community) (1.7.0)\n",
            "Requirement already satisfied: multidict<7.0,>=4.5 in /usr/local/lib/python3.12/dist-packages (from aiohttp<4.0.0,>=3.8.3->langchain-community) (6.6.4)\n",
            "Requirement already satisfied: propcache>=0.2.0 in /usr/local/lib/python3.12/dist-packages (from aiohttp<4.0.0,>=3.8.3->langchain-community) (0.3.2)\n",
            "Requirement already satisfied: yarl<2.0,>=1.17.0 in /usr/local/lib/python3.12/dist-packages (from aiohttp<4.0.0,>=3.8.3->langchain-community) (1.20.1)\n",
            "Requirement already satisfied: marshmallow<4.0.0,>=3.18.0 in /usr/local/lib/python3.12/dist-packages (from dataclasses-json<0.7.0,>=0.6.7->langchain-community) (3.26.1)\n",
            "Requirement already satisfied: typing-inspect<1,>=0.4.0 in /usr/local/lib/python3.12/dist-packages (from dataclasses-json<0.7.0,>=0.6.7->langchain-community) (0.9.0)\n",
            "Requirement already satisfied: langchain-text-splitters<1.0.0,>=0.3.9 in /usr/local/lib/python3.12/dist-packages (from langchain<2.0.0,>=0.3.27->langchain-community) (0.3.11)\n",
            "Requirement already satisfied: pydantic<3.0.0,>=2.7.4 in /usr/local/lib/python3.12/dist-packages (from langchain<2.0.0,>=0.3.27->langchain-community) (2.11.9)\n",
            "Requirement already satisfied: jsonpatch<2.0,>=1.33 in /usr/local/lib/python3.12/dist-packages (from langchain-core<2.0.0,>=0.3.75->langchain-community) (1.33)\n",
            "Requirement already satisfied: typing-extensions>=4.7 in /usr/local/lib/python3.12/dist-packages (from langchain-core<2.0.0,>=0.3.75->langchain-community) (4.15.0)\n",
            "Requirement already satisfied: httpx<1,>=0.23.0 in /usr/local/lib/python3.12/dist-packages (from langsmith<1.0.0,>=0.1.125->langchain-community) (0.28.1)\n",
            "Requirement already satisfied: orjson>=3.9.14 in /usr/local/lib/python3.12/dist-packages (from langsmith<1.0.0,>=0.1.125->langchain-community) (3.11.3)\n",
            "Requirement already satisfied: requests-toolbelt>=1.0.0 in /usr/local/lib/python3.12/dist-packages (from langsmith<1.0.0,>=0.1.125->langchain-community) (1.0.0)\n",
            "Requirement already satisfied: zstandard>=0.23.0 in /usr/local/lib/python3.12/dist-packages (from langsmith<1.0.0,>=0.1.125->langchain-community) (0.25.0)\n",
            "Requirement already satisfied: python-dotenv>=0.21.0 in /usr/local/lib/python3.12/dist-packages (from pydantic-settings<3.0.0,>=2.10.1->langchain-community) (1.1.1)\n",
            "Requirement already satisfied: typing-inspection>=0.4.0 in /usr/local/lib/python3.12/dist-packages (from pydantic-settings<3.0.0,>=2.10.1->langchain-community) (0.4.1)\n",
            "Requirement already satisfied: charset_normalizer<4,>=2 in /usr/local/lib/python3.12/dist-packages (from requests<3.0.0,>=2.32.5->langchain-community) (3.4.3)\n",
            "Requirement already satisfied: idna<4,>=2.5 in /usr/local/lib/python3.12/dist-packages (from requests<3.0.0,>=2.32.5->langchain-community) (3.10)\n",
            "Requirement already satisfied: urllib3<3,>=1.21.1 in /usr/local/lib/python3.12/dist-packages (from requests<3.0.0,>=2.32.5->langchain-community) (2.5.0)\n",
            "Requirement already satisfied: certifi>=2017.4.17 in /usr/local/lib/python3.12/dist-packages (from requests<3.0.0,>=2.32.5->langchain-community) (2025.8.3)\n",
            "Requirement already satisfied: greenlet>=1 in /usr/local/lib/python3.12/dist-packages (from SQLAlchemy<3.0.0,>=1.4.0->langchain-community) (3.2.4)\n",
            "Requirement already satisfied: anyio in /usr/local/lib/python3.12/dist-packages (from httpx<1,>=0.23.0->langsmith<1.0.0,>=0.1.125->langchain-community) (4.10.0)\n",
            "Requirement already satisfied: httpcore==1.* in /usr/local/lib/python3.12/dist-packages (from httpx<1,>=0.23.0->langsmith<1.0.0,>=0.1.125->langchain-community) (1.0.9)\n",
            "Requirement already satisfied: h11>=0.16 in /usr/local/lib/python3.12/dist-packages (from httpcore==1.*->httpx<1,>=0.23.0->langsmith<1.0.0,>=0.1.125->langchain-community) (0.16.0)\n",
            "Requirement already satisfied: jsonpointer>=1.9 in /usr/local/lib/python3.12/dist-packages (from jsonpatch<2.0,>=1.33->langchain-core<2.0.0,>=0.3.75->langchain-community) (3.0.0)\n",
            "Requirement already satisfied: annotated-types>=0.6.0 in /usr/local/lib/python3.12/dist-packages (from pydantic<3.0.0,>=2.7.4->langchain<2.0.0,>=0.3.27->langchain-community) (0.7.0)\n",
            "Requirement already satisfied: pydantic-core==2.33.2 in /usr/local/lib/python3.12/dist-packages (from pydantic<3.0.0,>=2.7.4->langchain<2.0.0,>=0.3.27->langchain-community) (2.33.2)\n",
            "Requirement already satisfied: mypy-extensions>=0.3.0 in /usr/local/lib/python3.12/dist-packages (from typing-inspect<1,>=0.4.0->dataclasses-json<0.7.0,>=0.6.7->langchain-community) (1.1.0)\n",
            "Requirement already satisfied: sniffio>=1.1 in /usr/local/lib/python3.12/dist-packages (from anyio->httpx<1,>=0.23.0->langsmith<1.0.0,>=0.1.125->langchain-community) (1.3.1)\n"
          ]
        }
      ]
    },
    {
      "cell_type": "code",
      "source": [
        "import faiss\n",
        "from langchain_community.docstore.in_memory import InMemoryDocstore\n",
        "from langchain_community.vectorstores import FAISS\n",
        "\n",
        "index = faiss.IndexFlatL2(len(embeddings.embed_query(\"Cosmo Millennial\")))\n",
        "\n",
        "vector_store = FAISS(\n",
        "    embedding_function=embeddings,\n",
        "    index=index,\n",
        "    docstore=InMemoryDocstore(),\n",
        "    index_to_docstore_id={},\n",
        ")\n"
      ],
      "metadata": {
        "id": "pJvBUS5sN8OX"
      },
      "execution_count": 53,
      "outputs": []
    },
    {
      "cell_type": "code",
      "source": [
        "vector_store.add_documents(texts)"
      ],
      "metadata": {
        "colab": {
          "base_uri": "https://localhost:8080/"
        },
        "id": "1bAw01kBTywQ",
        "outputId": "eeb42e4b-a588-4239-db15-0bfc2213665e"
      },
      "execution_count": 54,
      "outputs": [
        {
          "output_type": "execute_result",
          "data": {
            "text/plain": [
              "['42edfaef-7a00-4889-89ba-2698b42cf069',\n",
              " '5c919622-030f-4489-8ff6-241a3827f687',\n",
              " 'fa626559-f950-4c1a-9f0b-db4953c8000f',\n",
              " 'a7a2fc22-bbc3-4fef-a7ac-c2a91b6d5ef5',\n",
              " '0b4f0de8-98b1-4376-982e-295a032222c6',\n",
              " '49300e53-a322-46dd-9357-35019f55eb03',\n",
              " 'c219dad3-b998-4771-b4b9-56cf46caf59f',\n",
              " '9d3135ef-5213-4509-b127-18dab0cdad3f',\n",
              " '4e51f0bf-75ed-4538-86f4-da195017b68f',\n",
              " 'b5a1a624-9cf3-4ebf-9585-10953ed89106',\n",
              " 'a47774c1-c9bb-4867-bc6b-4853ab8e629d',\n",
              " '1b1b4310-eb64-4526-a3a3-b8a258d04b89',\n",
              " '8f5754c4-5a6d-4b4f-9bc8-3e87aa507582',\n",
              " '86363a78-3f0c-4888-a4d3-ee6c03dd24d9',\n",
              " '2df1c32c-2e70-40d3-994c-778d5bbf30cf',\n",
              " '161fa3d0-0d04-4380-b836-7a7eafaf68c0',\n",
              " '54902944-7796-44dc-b211-3a8e8ce944a8',\n",
              " '6a3b8edf-2d42-4dd6-b215-ebc0be86f956',\n",
              " 'caf0a330-6763-4da1-92f0-385c64c2c6f8',\n",
              " '4bb890bb-313e-49f1-9b57-a57a35b469b9',\n",
              " 'ccb3ce76-33e6-45a4-b21b-3a40fb492be1',\n",
              " '1aeed4bb-266e-4f52-abc4-f9844cf461c8',\n",
              " '99280090-988c-489d-a973-95d471b597bc',\n",
              " '50c32014-7421-4dee-be4b-84481d40abf9',\n",
              " 'cc641e51-cc02-4f9a-ae36-c9128e5a578f',\n",
              " '8dde48bf-04d9-4dc0-ae43-beb3fada5880']"
            ]
          },
          "metadata": {},
          "execution_count": 54
        }
      ]
    },
    {
      "cell_type": "code",
      "source": [
        "query = \"How to Signup for the app?\"\n",
        "results = vector_store.similarity_search(query, k=3)\n",
        "\n",
        "for r in results:\n",
        "    print(r.page_content)"
      ],
      "metadata": {
        "colab": {
          "base_uri": "https://localhost:8080/"
        },
        "id": "06uW5mRvUFKf",
        "outputId": "ff26980c-b43a-47a7-fc65-ef40c3272b81"
      },
      "execution_count": 55,
      "outputs": [
        {
          "output_type": "stream",
          "name": "stdout",
          "text": [
            "a lifetime begin! 🚀 Sign up How to use the App? Are you tired of manually searching online and\n",
            "to join the app. Email to learn more. Refer Cosmo Millennial Catch Flights, Not FOMO! FOLLOW US\n",
            "- budget, unique or luxury. Here’s a quick guide on how to use the app. Be a Cosmo Millennial\n"
          ]
        }
      ]
    },
    {
      "cell_type": "code",
      "source": [
        "retriever = vector_store.as_retriever(search_kwargs={\"k\": 3})"
      ],
      "metadata": {
        "id": "_zK30g612U35"
      },
      "execution_count": 56,
      "outputs": []
    },
    {
      "cell_type": "code",
      "source": [
        "pip install langchain-google-genai"
      ],
      "metadata": {
        "colab": {
          "base_uri": "https://localhost:8080/"
        },
        "id": "ZjfMQw4I4gDw",
        "outputId": "6f822c6c-0a33-4cc8-9672-cdd54b1488e2"
      },
      "execution_count": 57,
      "outputs": [
        {
          "output_type": "stream",
          "name": "stdout",
          "text": [
            "Requirement already satisfied: langchain-google-genai in /usr/local/lib/python3.12/dist-packages (2.1.12)\n",
            "Requirement already satisfied: langchain-core>=0.3.75 in /usr/local/lib/python3.12/dist-packages (from langchain-google-genai) (0.3.76)\n",
            "Requirement already satisfied: google-ai-generativelanguage<1,>=0.7 in /usr/local/lib/python3.12/dist-packages (from langchain-google-genai) (0.7.0)\n",
            "Requirement already satisfied: pydantic<3,>=2 in /usr/local/lib/python3.12/dist-packages (from langchain-google-genai) (2.11.9)\n",
            "Requirement already satisfied: filetype<2,>=1.2 in /usr/local/lib/python3.12/dist-packages (from langchain-google-genai) (1.2.0)\n",
            "Requirement already satisfied: google-api-core!=2.0.*,!=2.1.*,!=2.10.*,!=2.2.*,!=2.3.*,!=2.4.*,!=2.5.*,!=2.6.*,!=2.7.*,!=2.8.*,!=2.9.*,<3.0.0,>=1.34.1 in /usr/local/lib/python3.12/dist-packages (from google-api-core[grpc]!=2.0.*,!=2.1.*,!=2.10.*,!=2.2.*,!=2.3.*,!=2.4.*,!=2.5.*,!=2.6.*,!=2.7.*,!=2.8.*,!=2.9.*,<3.0.0,>=1.34.1->google-ai-generativelanguage<1,>=0.7->langchain-google-genai) (2.25.1)\n",
            "Requirement already satisfied: google-auth!=2.24.0,!=2.25.0,<3.0.0,>=2.14.1 in /usr/local/lib/python3.12/dist-packages (from google-ai-generativelanguage<1,>=0.7->langchain-google-genai) (2.38.0)\n",
            "Requirement already satisfied: proto-plus<2.0.0,>=1.22.3 in /usr/local/lib/python3.12/dist-packages (from google-ai-generativelanguage<1,>=0.7->langchain-google-genai) (1.26.1)\n",
            "Requirement already satisfied: protobuf!=4.21.0,!=4.21.1,!=4.21.2,!=4.21.3,!=4.21.4,!=4.21.5,<7.0.0,>=3.20.2 in /usr/local/lib/python3.12/dist-packages (from google-ai-generativelanguage<1,>=0.7->langchain-google-genai) (5.29.5)\n",
            "Requirement already satisfied: langsmith>=0.3.45 in /usr/local/lib/python3.12/dist-packages (from langchain-core>=0.3.75->langchain-google-genai) (0.4.28)\n",
            "Requirement already satisfied: tenacity!=8.4.0,<10.0.0,>=8.1.0 in /usr/local/lib/python3.12/dist-packages (from langchain-core>=0.3.75->langchain-google-genai) (8.5.0)\n",
            "Requirement already satisfied: jsonpatch<2.0,>=1.33 in /usr/local/lib/python3.12/dist-packages (from langchain-core>=0.3.75->langchain-google-genai) (1.33)\n",
            "Requirement already satisfied: PyYAML>=5.3 in /usr/local/lib/python3.12/dist-packages (from langchain-core>=0.3.75->langchain-google-genai) (6.0.2)\n",
            "Requirement already satisfied: typing-extensions>=4.7 in /usr/local/lib/python3.12/dist-packages (from langchain-core>=0.3.75->langchain-google-genai) (4.15.0)\n",
            "Requirement already satisfied: packaging>=23.2 in /usr/local/lib/python3.12/dist-packages (from langchain-core>=0.3.75->langchain-google-genai) (25.0)\n",
            "Requirement already satisfied: annotated-types>=0.6.0 in /usr/local/lib/python3.12/dist-packages (from pydantic<3,>=2->langchain-google-genai) (0.7.0)\n",
            "Requirement already satisfied: pydantic-core==2.33.2 in /usr/local/lib/python3.12/dist-packages (from pydantic<3,>=2->langchain-google-genai) (2.33.2)\n",
            "Requirement already satisfied: typing-inspection>=0.4.0 in /usr/local/lib/python3.12/dist-packages (from pydantic<3,>=2->langchain-google-genai) (0.4.1)\n",
            "Requirement already satisfied: googleapis-common-protos<2.0.0,>=1.56.2 in /usr/local/lib/python3.12/dist-packages (from google-api-core!=2.0.*,!=2.1.*,!=2.10.*,!=2.2.*,!=2.3.*,!=2.4.*,!=2.5.*,!=2.6.*,!=2.7.*,!=2.8.*,!=2.9.*,<3.0.0,>=1.34.1->google-api-core[grpc]!=2.0.*,!=2.1.*,!=2.10.*,!=2.2.*,!=2.3.*,!=2.4.*,!=2.5.*,!=2.6.*,!=2.7.*,!=2.8.*,!=2.9.*,<3.0.0,>=1.34.1->google-ai-generativelanguage<1,>=0.7->langchain-google-genai) (1.70.0)\n",
            "Requirement already satisfied: requests<3.0.0,>=2.18.0 in /usr/local/lib/python3.12/dist-packages (from google-api-core!=2.0.*,!=2.1.*,!=2.10.*,!=2.2.*,!=2.3.*,!=2.4.*,!=2.5.*,!=2.6.*,!=2.7.*,!=2.8.*,!=2.9.*,<3.0.0,>=1.34.1->google-api-core[grpc]!=2.0.*,!=2.1.*,!=2.10.*,!=2.2.*,!=2.3.*,!=2.4.*,!=2.5.*,!=2.6.*,!=2.7.*,!=2.8.*,!=2.9.*,<3.0.0,>=1.34.1->google-ai-generativelanguage<1,>=0.7->langchain-google-genai) (2.32.5)\n",
            "Requirement already satisfied: grpcio<2.0.0,>=1.33.2 in /usr/local/lib/python3.12/dist-packages (from google-api-core[grpc]!=2.0.*,!=2.1.*,!=2.10.*,!=2.2.*,!=2.3.*,!=2.4.*,!=2.5.*,!=2.6.*,!=2.7.*,!=2.8.*,!=2.9.*,<3.0.0,>=1.34.1->google-ai-generativelanguage<1,>=0.7->langchain-google-genai) (1.75.0)\n",
            "Requirement already satisfied: grpcio-status<2.0.0,>=1.33.2 in /usr/local/lib/python3.12/dist-packages (from google-api-core[grpc]!=2.0.*,!=2.1.*,!=2.10.*,!=2.2.*,!=2.3.*,!=2.4.*,!=2.5.*,!=2.6.*,!=2.7.*,!=2.8.*,!=2.9.*,<3.0.0,>=1.34.1->google-ai-generativelanguage<1,>=0.7->langchain-google-genai) (1.71.2)\n",
            "Requirement already satisfied: cachetools<6.0,>=2.0.0 in /usr/local/lib/python3.12/dist-packages (from google-auth!=2.24.0,!=2.25.0,<3.0.0,>=2.14.1->google-ai-generativelanguage<1,>=0.7->langchain-google-genai) (5.5.2)\n",
            "Requirement already satisfied: pyasn1-modules>=0.2.1 in /usr/local/lib/python3.12/dist-packages (from google-auth!=2.24.0,!=2.25.0,<3.0.0,>=2.14.1->google-ai-generativelanguage<1,>=0.7->langchain-google-genai) (0.4.2)\n",
            "Requirement already satisfied: rsa<5,>=3.1.4 in /usr/local/lib/python3.12/dist-packages (from google-auth!=2.24.0,!=2.25.0,<3.0.0,>=2.14.1->google-ai-generativelanguage<1,>=0.7->langchain-google-genai) (4.9.1)\n",
            "Requirement already satisfied: jsonpointer>=1.9 in /usr/local/lib/python3.12/dist-packages (from jsonpatch<2.0,>=1.33->langchain-core>=0.3.75->langchain-google-genai) (3.0.0)\n",
            "Requirement already satisfied: httpx<1,>=0.23.0 in /usr/local/lib/python3.12/dist-packages (from langsmith>=0.3.45->langchain-core>=0.3.75->langchain-google-genai) (0.28.1)\n",
            "Requirement already satisfied: orjson>=3.9.14 in /usr/local/lib/python3.12/dist-packages (from langsmith>=0.3.45->langchain-core>=0.3.75->langchain-google-genai) (3.11.3)\n",
            "Requirement already satisfied: requests-toolbelt>=1.0.0 in /usr/local/lib/python3.12/dist-packages (from langsmith>=0.3.45->langchain-core>=0.3.75->langchain-google-genai) (1.0.0)\n",
            "Requirement already satisfied: zstandard>=0.23.0 in /usr/local/lib/python3.12/dist-packages (from langsmith>=0.3.45->langchain-core>=0.3.75->langchain-google-genai) (0.25.0)\n",
            "Requirement already satisfied: anyio in /usr/local/lib/python3.12/dist-packages (from httpx<1,>=0.23.0->langsmith>=0.3.45->langchain-core>=0.3.75->langchain-google-genai) (4.10.0)\n",
            "Requirement already satisfied: certifi in /usr/local/lib/python3.12/dist-packages (from httpx<1,>=0.23.0->langsmith>=0.3.45->langchain-core>=0.3.75->langchain-google-genai) (2025.8.3)\n",
            "Requirement already satisfied: httpcore==1.* in /usr/local/lib/python3.12/dist-packages (from httpx<1,>=0.23.0->langsmith>=0.3.45->langchain-core>=0.3.75->langchain-google-genai) (1.0.9)\n",
